 2.5000000E+02;  4.2350586E+03;  1.1641976E+02; -2.6883053E+02;  1.7218892E+02; -8.4988719E-09;  1.0471200E-08; -3.6322861E-07; 
 2.5000000E+02;  1.1606143E+03;  3.1905537E+02; -4.8293355E+02; -3.1217599E+02; -1.6519299E-07;  8.2478019E-07;  3.3485586E-08; 
 2.5000000E+02;  2.8750115E+03; -7.5625976E+01; -8.3798913E+01;  3.9271072E+01;  3.1037951E-07; -1.8620947E-07; -1.2112655E-07; 
 2.5000000E+02;  2.7596799E+03;  3.2419770E+02; -4.0743599E+02; -3.5519690E+02; -2.2470331E-07;  1.2132056E-07;  4.4950388E-07; 
 2.5000000E+02;  1.8047305E+03;  4.5127831E+02; -2.9281353E+02; -1.1176086E+02; -5.3537012E-07;  7.1203135E-08; -5.0016054E-08; 
 2.5000000E+02;  5.4704570E+03;  1.8055030E+02;  3.8842299E+02; -4.5004807E+02; -6.5336159E-08; -3.5876873E-07;  2.2019989E-07; 
 2.5000000E+02;  2.2356428E+03;  1.8698830E+02; -4.2222386E+02;  1.9384864E+02; -2.4911755E-07;  6.2603981E-07; -3.9097062E-07; 
 2.5000000E+02;  2.2916475E+03; -3.8751478E+02; -3.7743207E+02; -3.0318354E+02;  3.9961196E-07;  2.0615867E-07;  1.9373030E-07; 
 2.5000000E+02;  2.5917388E+03;  1.0091695E+02; -5.1551600E+01; -2.4818060E+02;  5.0534803E-09; -1.3963614E-07;  2.4809589E-07; 
 2.5000000E+02;  2.5250054E+03; -3.9904875E+02;  9.1119353E+01;  2.9361917E+02;  3.5927502E-07; -1.8893698E-07; -2.8516184E-07; 
